-0.00139288  0.00118196  0.00633937  0.0750512  -0.0440143  0.343191  
-0.000875539  0.00108804  0.00597081  0.064669  0.0227088  0.274066  
-0.0017684  0.00186774  0.00534701  0.0553795  0.0223541  0.0794358  
0.000904094  0.00148406  0.00534715  0.0580611  0.0313264  0.430368  
-0.000152701  0.00115312  0.00568288  0.0521122  0.0189042  0.424296  
-0.00231771  0.00126212  0.0054197  0.0487204  0.0252616  0.0382878  
0.00050396  0.00162652  0.00518667  0.0478932  0.0319974  0.338133  
0.00060699  0.00156613  0.00527695  0.0431003  0.0312636  0.440288  
-0.000767262  0.00142132  0.0053386  0.0403788  0.0258782  0.195996  
-0.00171607  0.00216387  0.00476694  0.0309947  0.0156405  0.046999  
0.00060832  0.00198748  0.0046088  0.0302835  0.0208832  0.350065  
8.4827e-05  0.00206013  0.00457094  0.0335119  0.0263752  0.412743  
-0.000130786  0.00186699  0.00452813  0.0323803  0.0599558  0.236969  
0.000301187  0.00228471  0.00464459  0.0419821  0.052649  0.217672  
0.000750958  0.00216361  0.00399529  0.0316886  0.0384932  0.435856  
0.000889547  0.00163168  0.00407765  0.0290321  0.0529301  0.355696  
0.000164794  0.00145402  0.00356786  0.023472  0.0545571  0.208531  
0.001401  0.00132166  0.00390989  0.0365052  0.0595935  0.488941  
0.00170213  0.0015853  0.00391262  0.0290521  0.0726204  0.443445  
-6.63653e-05  0.00185495  0.00413579  0.0400357  0.057659  0.137265  
0.000621625  0.0014941  0.0042551  0.0338546  0.0471969  0.471261  
0.00370219  0.00399245  0.00374041  0.00518836  0.0518297  0.0116355  
-0.000450072  0.00141283  0.00444275  0.0596193  0.112122  0.6938  
0.000104367  0.00320564  0.00463084  0.0544361  0.0947287  0.177253  
0.00363813  0.00278821  0.00415188  0.0584582  0.121263  0.402795  
0.00404172  0.0024525  0.00385178  0.0431537  0.137093  0.426698  
0.00384764  0.00320763  0.0036179  0.0431038  0.166825  0.0937794  
0.00360064  0.00340446  0.00359156  0.0435456  0.154662  0.130312  
0.00399422  0.00289273  0.00321288  0.0230401  0.130379  0.287311  
0.0014936  0.00308753  0.00271567  0.0186885  0.130864  0.182501  
0.00469421  0.00161218  0.00190241  0.0159473  0.137121  0.457634  
0.000268887  0.00373295  0.00139028  -0.0117017  0.135342  0.314159  
0.00231793  0.00292928  0.00175703  0.00719329  0.132097  0.480508  
0.00222415  0.00239502  0.00137264  0.00436701  0.126762  0.552368  
0.00186462  0.00252737  0.00148582  0.0101112  0.14185  0.281534  
0.00226066  0.00211813  0.00185129  0.0288208  0.141916  0.358792  
0.00313328  0.00199508  0.00160282  0.0217445  0.14252  0.568131  
0.00311224  0.00232675  0.00184817  0.0202941  0.157747  0.40214  
0.00351387  0.0021522  0.0018787  0.0340863  0.168877  0.500557  
0.00348779  0.0022683  0.00140383  0.0209256  0.150925  0.5522  
0.00323267  0.00258262  0.00144429  0.0283018  0.155515  0.425998  
0.00304541  0.0028549  0.0016344  0.0341793  0.152729  0.176354  
0.00366416  0.00193986  0.00221446  0.0419652  0.169612  0.508154  
0.00401422  0.00147009  0.00201219  0.0394268  0.180895  0.601872  
0.00427481  0.00145209  0.00175371  0.0373395  0.193853  0.466631  
0.00382228  0.00185469  0.00152167  0.0344085  0.197633  0.288383  
0.00452597  0.0016151  0.00177698  0.0411188  0.18522  0.490205  
0.00462909  0.00112623  0.00201886  0.0593677  0.180017  0.577683  
0.00383842  0.00129886  0.00174814  0.0495048  0.202347  0.241171  
0.00441679  0.00145444  0.00183005  0.0507401  0.186467  0.474563  
0.00389821  0.00120759  0.00197949  0.0430681  0.176152  0.643017  
0.00472468  0.00131577  0.00133676  0.0253352  0.187055  0.447873  
0.00439206  0.00157269  0.00138255  0.034369  0.196846  0.32965  
0.00461166  0.00145635  0.00231261  0.0452455  0.173918  0.486695  
0.00458784  0.000454739  0.00192837  0.0520659  0.184916  0.659216  
0.00439489  0.00100141  0.0011473  0.0274259  0.18906  0.213026  
0.00347143  0.00173525  0.00105547  0.0421236  0.159831  0.448077  
0.00442518  0.00118852  0.00125703  0.0466725  0.167144  0.5615  
0.00474367  0.00119464  0.00114175  0.0451249  0.192746  0.459352  
0.00510114  0.000931241  0.00138007  0.0589506  0.203231  0.396501  
0.00528792  0.00103151  0.000861281  0.026777  0.213147  0.494149  
0.00518449  0.000976649  0.000924912  0.0466093  0.209398  0.609487  
0.00539611  0.000251148  0.000713112  0.0506255  0.238693  0.446007  
0.00380755  0.000641106  0.00105259  0.0632273  0.200875  0.468041  
0.00477143  0.000661264  0.00088775  0.0543886  0.21291  0.619974  
0.00461745  0.000255972  0.000562801  0.0513069  0.224585  0.332965  
0.00232408  0.000571941  0.000122468  0.0396988  0.121619  0.578285  
-0.00521205  -0.000236694  0.000800218  -0.00390981  -0.139384  0.225622  
-0.00817161  -0.00139401  0.00107284  -0.0366032  -0.411934  -0.661323  
-0.00802543  0.000174865  0.00526548  0.014442  -0.424358  -0.665456  
-0.00664906  -0.000727769  0.00381236  0.0228403  -0.348398  -0.529671  
-0.00648677  -0.000678918  0.00275605  0.0186565  -0.333544  -0.585771  
-0.00565634  -0.000188331  0.00233604  0.00623148  -0.280642  -0.671193  
-0.00488254  0.00122741  0.00142522  -0.00398223  -0.274504  -0.495288  
-0.00425074  0.0013757  0.000830896  -0.0138293  -0.237844  -0.428125  
-0.00443169  0.00108608  0.00106015  -0.00581901  -0.21998  -0.62415  
-0.00337353  0.0012984  0.00120283  -0.00507153  -0.222185  -0.416819  
-0.00265912  0.00145212  0.000959609  -0.00436776  -0.202512  -0.324897  
-0.0032381  0.000903586  0.00088178  -0.00570647  -0.180504  -0.448348  
-0.00395259  0.00121549  0.000568728  -0.00641584  -0.18283  -0.532565  
-0.00259669  0.00178309  0.000152301  -0.0295864  -0.169019  -0.297455  
-0.00191132  0.00133968  0.000208343  -0.0231005  -0.129487  -0.160238  
-0.00256267  0.00109267  -0.00020247  -0.0258287  -0.136684  -0.411604  
-0.00226774  0.00141324  -0.000871346  -0.0382514  -0.138654  -0.322437  
-0.00148211  0.00135804  -0.000694219  -0.0516758  -0.138872  -0.151827  
-0.000894807  0.000174323  -0.000667262  -0.0450957  -0.105099  -0.268323  
-0.00206823  7.61235e-05  -0.000922477  -0.0454174  -0.103426  -0.488123  
0.000623903  0.000969856  -0.000972778  -0.0550666  -0.0823824  -0.243019  
0.00111637  0.000805757  -0.00120596  -0.0603762  -0.0732216  -0.157585  
0.00125382  0.000726178  -0.00143105  -0.056599  -0.0656613  -0.218566  
-0.000776626  0.000369584  -0.00123203  -0.0623125  -0.0842713  -0.397248  
-0.00201616  0.000299157  -0.00104074  -0.054629  -0.0913318  -0.444133  
-0.000452469  0.000536707  -0.000898967  -0.0471479  -0.0656295  -0.109533  
-0.000193944  0.00013629  -0.000850883  -0.0455739  -0.0832588  -0.0410152  
-0.000634098  -0.000384696  -0.000924339  -0.0279952  -0.058936  -0.153454  
-0.00197963  -5.75936e-05  -0.000992641  -0.0401221  -0.0725698  -0.417966  
-5.46006e-05  0.000485614  -0.000923802  -0.0400784  -0.0570812  -0.183276  
0.000866934  0.000201696  -0.00108915  -0.0431621  -0.0486813  -0.0631932  
0.000602033  -0.000316669  -0.001186  -0.0388829  -0.0492839  -0.180319  
-0.00143866  -0.000657961  -0.000853229  -0.0244425  -0.0458526  -0.386137  
-0.000985549  -0.00103363  4.10298e-05  0.000755365  -0.0638728  -0.203253  
0.000195606  -0.000662559  -0.000651156  -0.0188681  -0.0615284  -0.12039  
-0.000533347  -0.000542025  -0.000852731  -0.0326782  -0.0734681  -0.0832395  
-0.000969199  -0.000529352  -0.000999576  -0.0319872  -0.0683588  -0.2392  
-0.00257737  -0.000551489  -0.00102833  -0.0254492  -0.0820926  -0.459353  
-0.000958088  -0.000140202  -0.00106507  -0.0271134  -0.0747431  -0.0867297  
-0.0011767  -5.63706e-05  -0.00184323  -0.0296149  -0.0957074  -0.0176086  
-0.00090868  -0.000688199  -0.00130132  -0.0224416  -0.0688974  -0.131082  
-0.00180166  -0.000675042  -0.0016168  -0.0272499  -0.0729144  -0.422876  
-0.00120117  -0.000472781  -0.00138449  -0.021999  -0.0437951  -0.285021  
-0.000294264  -0.000703114  -0.00126844  -0.0231834  -0.0420813  0.0179319  
-0.000177269  -0.00151171  -0.00136663  -0.0182915  -0.0132526  0.200046  
-0.00618683  0.00228587  -0.0014403  -0.0727242  -0.0539565  -0.0719248  
-0.00346375  0.00373667  -0.00166466  -0.0774294  -0.0297818  -0.0160233  
-0.0020908  0.00289238  -0.0014403  -0.0616144  -0.0195126  0.115192  
-0.00166848  0.00186618  -0.0014403  -0.0596565  0.00602006  -0.122977  
-0.00291142  0.00206814  -0.00120377  -0.0476861  -0.00449288  -0.252339  
0.000165748  0.00148625  -0.00186457  -0.0459969  0.00518017  0.159233  
-0.000541686  0.00182771  -0.00172492  -0.0475093  0.0211976  -0.0204563  
-0.00079505  0.00263518  -0.00155296  -0.0426262  0.0179682  -0.0519719  
0.00109967  0.00131887  -0.00185032  -0.0398681  0.0317288  0.211823  
0.00103494  0.00139426  -0.00228778  -0.0392344  0.0464319  0.0597326  
-0.0010119  0.0014454  -0.0019592  -0.0326968  0.031164  -0.299508  
0.000743193  0.00204021  -0.00184153  -0.0312317  0.0305912  0.046221  
-0.000261799  0.00121413  -0.00191345  -0.0192009  0.024717  0.215719  
-0.00066882  0.00142797  -0.00198022  -0.0274606  0.0349257  -0.136566  
-0.000903868  0.00196747  -0.0019842  -0.0296594  0.0439682  -0.187966  
0.000623348  0.00160976  -0.00236182  -0.0306806  0.0553109  0.161171  
0.000897169  0.00120313  -0.00224145  -0.0286794  0.0535316  0.232239  
-0.00187557  0.00146501  -0.00197125  -0.0310752  0.0459849  -0.273686  
0.000244869  0.00146579  -0.00216579  -0.0257164  0.0534099  0.246968  
0.000533618  0.000944995  -0.00226938  -0.0334902  0.0513621  0.347298  
-0.000355136  0.00139363  -0.00232083  -0.0335921  0.0612045  -0.0423063  
4.06647e-05  0.00237983  -0.0022066  -0.0337183  0.0478948  0.0596724  
0.000449103  0.00147453  -0.00312188  -0.0400932  -0.0717549  -0.223421  
0.00225975  0.00121957  -0.00335943  -0.0422178  0.0179228  0.21739  
0.0007062  0.0010378  -0.00300511  -0.0350071  0.0304255  -0.279613  
0.00244237  0.00167897  -0.00310479  -0.0250404  0.0251936  0.0344849  
0.00270815  0.000840165  -0.00356229  -0.026449  0.0314839  0.279022  
0.00143979  0.0002988  -0.00286025  -0.0289673  0.048553  0.104728  
-0.000961248  0.000595793  -0.00229382  -0.0378133  0.042038  -0.0668385  
9.58789e-05  0.000781552  -0.00267879  -0.0576873  0.033324  0.187545  
0.00160849  -0.000268346  -0.00219835  -0.0460804  0.0658146  0.268356  
0.000446115  -0.000825051  -0.00206507  -0.0214471  0.0722604  -0.171631  
0.0029566  -0.00111465  -0.0022183  -0.022852  0.0756959  0.0998386  
0.00335973  -0.000979975  -0.00220437  -0.0276004  0.0660227  0.186658  
0.00300005  -0.00162331  -0.00197971  -0.0204438  0.0709879  0.141698  
0.000534842  -0.000994736  -0.0018873  -0.0180622  0.0637966  -0.240615  
0.00262528  -0.00108468  -0.00132614  -0.0119633  0.0773544  0.09105  
0.00116675  -0.00132903  -0.00174675  -0.00483081  0.0848163  0.368911  
-0.00017002  -0.000495997  -0.00170051  -0.0148862  0.0779178  -0.280321  
0.00156097  -0.000823612  -0.00182898  -0.00276434  0.0681989  0.263359  
0.002028  -0.00135267  -0.00211976  -0.0180566  0.0761198  0.3738  
0.00028199  -0.00118972  -0.00190751  -0.0108296  0.142109  0.120872  
-4.18123e-06  -0.00146895  -0.00160505  0.0159243  0.182368  0.55265  
-0.000208462  -0.00276295  -0.00100285  0.012447  0.152674  0.465808  
-0.000878558  -0.00270037  -0.00115511  0.00348469  0.113712  -0.0945548  
0.0014094  -0.00258959  -0.00141587  0.00191077  0.12771  0.230258  
0.00219915  -0.00289484  -0.00168904  4.15213e-06  0.127876  0.346595  
0.00222643  -0.00329055  -0.00161357  -8.22603e-05  0.116951  0.265979  
0.000676371  -0.00329307  -0.00139902  0.0102951  0.122258  -0.16763  
0.00301675  -0.00287429  -0.00172231  0.0169923  0.148528  0.117791  
0.00304159  -0.0028102  -0.00185217  0.0100331  0.14901  0.253456  
0.00291136  -0.00276772  -0.00228992  0.00587122  0.13779  0.313727  
0.00277961  -0.00232484  -0.00216116  -0.00336207  0.145767  0.144141  
0.00487949  -0.00262768  -0.00232881  -0.00671701  0.118407  0.487637  
0.00157959  -0.00175644  -0.00201342  -0.0176764  0.119803  0.246142  
0.00330972  -0.00180582  -0.0023589  -0.0219443  0.13546  -0.0088245  
0.00583902  -0.00236638  -0.00226085  -0.026327  0.148329  0.166797  
0.00420834  -0.00236147  -0.0026837  -0.0208368  0.158618  0.132851  
0.00140897  -0.00273489  -0.00142496  -0.00896754  0.132059  -0.207178  
-0.00207954  -0.00317674  -0.00117997  -0.0193965  0.0650777  -0.353197  
-0.012387  -0.00336922  -0.00121963  -0.0225095  -0.423477  -0.116975  
-0.0265282  -0.0041645  0.000627028  -0.159692  -1.17282  -1.56035  
-0.0218621  -0.00438076  -0.000581088  -0.113425  -1.00097  -1.32666  
-0.0186321  -0.00412476  -0.000665378  -0.0989175  -0.900894  -1.30414  
-0.015513  -0.00381482  -0.000802797  -0.0928223  -0.828052  -1.14601  
-0.0136881  -0.00390725  -0.00140126  -0.0929381  -0.774688  -1.16423  
-0.013109  -0.00356194  -0.00165679  -0.0931764  -0.725343  -1.21094  
-0.011601  -0.00330908  -0.00150867  -0.0869964  -0.721765  -1.01312  
-0.0114332  -0.00325916  -0.000865864  -0.0795451  -0.715239  -0.918926  
-0.0131008  -0.00364483  -0.00142659  -0.0867745  -0.702896  -1.1524  
-0.00967744  -0.00284744  -0.00128493  -0.0749672  -0.643934  -0.984442  
-0.00969688  -0.00262667  -0.00200969  -0.0996541  -0.65067  -0.964741  
-0.0107578  -0.00345769  -0.00186076  -0.107736  -0.641918  -1.10699  
-0.010385  -0.00330908  -0.00163589  -0.0967745  -0.639767  -1.03498  
-0.00946871  -0.00330949  -0.00205419  -0.101035  -0.641001  -1.0398  
-0.011942  -0.00398634  -0.00280527  -0.111233  -0.668137  -1.11513  
-0.0107457  -0.00350455  -0.00299766  -0.113664  -0.657833  -0.940676  
-0.0106483  -0.00368902  -0.0029137  -0.130048  -0.662296  -0.847357  
-0.0104802  -0.00422529  -0.0029031  -0.11936  -0.612674  -0.945966  
-0.0110454  -0.00368977  -0.00278107  -0.119  -0.603042  -1.05674  
